100100100101101011000010000000000110110000001000110100001000000110101001100000010000011010000100111100000101000111110100010000011000001010101100000010110000001100000000000000000000010000001000
001011011010010100111101111111111001001111110111001011110111111001010110011111101111100101111011000011111010111000001011101111100111110101010011111101001111110011111111111111111111101111110111
100100000101101011000010000000000110110000001000110100001000000110101001100000010000011010000100111100000101000111110100010000011000001010001100000010110000001100000000000000000000010000001000
000000100000000000000000000000000000000000000000000000000000000000000000000000000000000000000000000000000000000000000000000000000000000000100000000000000000000000000000000000000000000000000000
001011001010010100111101111010110001001011110111001011110110111001010110011011101111100101111010000011111010111000001001101111100101110101000011110001001111110011111110110111111110101111110110
000000010000000000000000000101001000000100000000000000000001000000000000000100000000000000000001000000000000000000000010000000000010000000010000001100000000000000000001001000000001000000000001
100100000101100011000010000000000110100000001000110100001000000010101001100000010000011010000000111000000101000111110100010000011000001010001100000010100000001100000000000000000000010000001000
000000000000001000000000000000000000010000000000000000000000000100000000000000000000000000000100000100000000000000000000000000000000000000000000000000010000000000000000000000000000000000000000
001011001010010100111101111010110001001011110111001011110110111001010110011011101111100101111010000011111010111000001001101111100101110101000011110001001111110011111110100111111110101111110110
000000010000000000000000000101001000000100000000000000000000000000000000000100000000000000000001000000000000000000000010000000000010000000010000001100000000000000000001001000000001000000000001
100100000101100011000010000000000110100000001000110100001000000010101001100000010000011010000000111000000101000111110100010000011000000010001100000010100000001100000000000000000000010000001000
000000000000001000000000000000000000010000000000000000000000000000000000000000000000000000000100000100000000000000000000000000000000000000000000000000010000000000000000000000000000000000000000
001011001000010100111101111010110001001011110111001011110110111001010110011011101111100101111010000011111010111000000001101111100101110100000011110001001111110011111110100111111110101111100110
000000000010000000000000000000000000000000000000000000000000000000000000000000000000000000000000000000000000000000001000000000000000000001000000000000000000000000000000000000000000000000010000
000000010000000000000000000101001000000100000000000000000000000000000000000100000000000000000001000000000000000000000000000000000010000000010000001100000000000000000001001000000001000000000001
100000000101100011000000000000000000100000000000110000000000000000101001000000010000010000000000111000000001000111010100010000011000000000000000000000100000001100000000000000000000000000000000
000100000000000000000010000000000110000000001000000100001000000010000000100000000000001010000000000000000100000000100000000000000000000010001100000010000000000000000000000000000000010000001000
000000000000001000000000000000000000010000000000000000000000000000000000000000000000000000000100000000000000000000000000000000000000000000000000000000010000000000000000000000000000000000000000
001011001000010100111101111010010001001011100111001011110110101001010110011011001111100101111010000011111010111000000001101111100101110100000011110001001111110011111100100010111110101111100110
000000000000000000000000000000100000000000010000000000000000010000000000000000100000000000000000000000000000000000000000000000000000000000000000000000000000000000000010000101000000000000000000
000000000000000000000000000000000000000000000000000000000000000000000000000000000000000000000000000000000000000000001000000000000000000001000000000000000000000000000000000000000000000000010000
000000010000000000000000000101000000000100000000000000000000000000000000000000000000000000000001000000000000000000000000000000000010000000010000001100000000000000000001001000000001000000000001
000000000000000000000000000000001000000000000000000000000000000000000000000100000000000000000000000000000000000000000000000000000000000000000000000000000000000000000000000000000000000000000000
100000000101100011000000000000000000100000000000110000000000000000101001000000010000010000000000111000000001000011010100010000011000000000000000000000100000001100000000000000000000000000000000
000100000000000000000000000000000000000000000000000000000000000000000000000000000000000000000000000000000000000000000000000000000000000000001000000000000000000000000000000000000000000000000000
000000000000000000000010000000000110000000001000000100001000000010000000100000000000001010000000000000000100000000100000000000000000000010000100000010000000000000000000000000000000010000001000
000000000000000000000000000000000000010000000000000000000000000000000000000000000000000000000100000000000000000000000000000000000000000000000000000000010000000000000000000000000000000000000000
001011001000010100111101111010010001001011100111001010110110101001010010011011001111100101111010000011111010110000000001101111100101110100000011110001001101110011111100100000111110101111100110
000000000000000000000000000000000000000000000000000001000000000000000100000000000000000000000000000000000000001000000000000000000000000000000000000000000010000000000000000010000000000000000000
000000000000000000000000000000000000000000010000000000000000010000000000000000100000000000000000000000000000000000000000000000000000000000000000000000000000000000000010000101000000000000000000
000000000000000000000000000000000000000000000000000000000000000000000000000000000000000000000000000000000000000000000000000000000000000001000000000000000000000000000000000000000000000000010000
000000010000000000000000000001000000000100000000000000000000000000000000000000000000000000000000000000000000000000000000000000000000000000000000000100000000000000000001001000000000000000000000
000000000000000000000000000100000000000000000000000000000000000000000000000000000000000000000001000000000000000000000000000000000010000000010000001000000000000000000000000000000001000000000001
100000000000000000000000000000000000000000000000000000000000000000000000000000000000000000000000000000000000000000000000000000011000000000000000000000000000000000000000000000000000000000000000
000000000101100011000000000000000000100000000000110000000000000000101001000000010000010000000000111000000001000011010100010000000000000000000000000000100000001100000000000000000000000000000000
000000000000000000000010000000000110000000001000000100001000000010000000100000000000001010000000000000000100000000100000000000000000000010000100000010000000000000000000000000000000010000000000
000000000000000000000000000000000000010000000000000000000000000000000000000000000000000000000000000000000000000000000000000000000000000000000000000000010000000000000000000000000000000000000000
001011001000010100111101111010010001001011100111001010110110101001010010011011001111100101111010000011111010110000000001101111100101110100000001110001001101110011111100100000111110101111100110
000000000000000000000000000000000000000000000000000001000000000000000100000000000000000000000000000000000000001000000000000000000000000000000000000000000010000000000000000000000000000000000000
000000000000000000000000000000000000000000000000000000000000010000000000000000100000000000000000000000000000000000000000000000000000000000000000000000000000000000000010000101000000000000000000
000000010000000000000000000001000000000100000000000000000000000000000000000000000000000000000000000000000000000000000000000000000000000000000000000100000000000000000001000000000000000000000000
000000000000000000000000000100000000000000000000000000000000000000000000000000000000000000000000000000000000000000000000000000000000000000010000000000000000000000000000000000000000000000000001
000000000000000000000000000000000000000000000000000000000000000000000000000000000000000000000001000000000000000000000000000000000010000000000000001000000000000000000000000000000001000000000000
100000000000000000000000000000000000000000000000000000000000000000000000000000000000000000000000000000000000000000000000000000010000000000000000000000000000000000000000000000000000000000000000
000000000101100011000000000000000000100000000000100000000000000000101001000000010000010000000000111000000001000011010100010000000000000000000000000000100000001100000000000000000000000000000000
000000000000000000000010000000000110000000001000000100001000000010000000100000000000001010000000000000000100000000100000000000000000000010000100000010000000000000000000000000000000000000000000
001011001000010100111101111010010001001011100111001010110110101000010010011011001111100101111010000011111010110000000001101111100101110000000001110001001101110011111100100000111110101111000110
000000000000000000000000000000000000000000000000000000000000000001000000000000000000000000000000000000000000000000000000000000000000000100000000000000000000000000000000000000000000000000100000
000000000000000000000000000000000000000000000000000001000000000000000000000000000000000000000000000000000000000000000000000000000000000000000000000000000010000000000000000000000000000000000000
000000000000000000000000000000000000000000000000000000000000000000000100000000000000000000000000000000000000001000000000000000000000000000000000000000000000000000000000000000000000000000000000
000000000000000000000000000000000000000000000000000000000000010000000000000000000000000000000000000000000000000000000000000000000000000000000000000000000000000000000010000100000000000000000000
000000000000000000000000000000000000000000000000000000000000000000000000000000100000000000000000000000000000000000000000000000000000000000000000000000000000000000000000000001000000000000000000
000000010000000000000000000001000000000000000000000000000000000000000000000000000000000000000000000000000000000000000000000000000000000000000000000100000000000000000001000000000000000000000000
000000000000000000000000000000000000000000000000000000000000000000000000000000000000000000000000000000000000000000000000000000000000000000010000000000000000000000000000000000000000000000000001
000000000000000000000000000000000000000000000000000000000000000000000000000000000000000000000001000000000000000000000000000000000000000000000000001000000000000000000000000000000000000000000000
000000000000000000000000000000000000000000000000000000000000000000000000000000000000000000000000000000000000000000000000000000000010000000000000000000000000000000000000000000000001000000000000
000000000101100011000000000000000000100000000000100000000000000000101001000000010000010000000000101000000001000011010100010000000000000000000000000000100000001100000000000000000000000000000000
000000000000000000000010000000000110000000001000000100001000000010000000100000000000001010000000000000000100000000100000000000000000000000000100000010000000000000000000000000000000000000000000
001011001000010100111101111010010001001011100111001010110110101000010010011011001111100101111010000011111010110000000001101111100101110000000001110000001101110011111100100000111110101111000110
000000000000000000000000000000000000000000000000000000000000000000000000000000000000000000000000000000000000000000000000000000000000000100000000000000000000000000000000000000000000000000100000
000000000000000000000000000000000000000000000000000000000000010000000000000000000000000000000000000000000000000000000000000000000000000000000000000000000000000000000010000000000000000000000000
000000010000000000000000000001000000000000000000000000000000000000000000000000000000000000000000000000000000000000000000000000000000000000000000000000000000000000000001000000000000000000000000
000000000101100011000000000000000000100000000000100000000000000000100001000000010000010000000000101000000001000001010100010000000000000000000000000000100000001100000000000000000000000000000000
000000000000000000000000000000000000000000000000000000000000000000001000000000000000000000000000000000000000000010000000000000000000000000000000000000000000000000000000000000000000000000000000
000000000000000000000010000000000000000000000000000100000000000010000000000000000000000010000000000000000100000000000000000000000000000000000100000010000000000000000000000000000000000000000000
000000000000000000000000000000000110000000001000000000001000000000000000100000000000001000000000000000000000000000100000000000000000000000000000000000000000000000000000000000000000000000000000
001011001000010100111101111010010001001011100111001010110110101000010010011011001111100100111010000011111010110000000001101111100101110000000001110000001101110011111100100000111110101111000110
000000010000000000000000000000000000000000000000000000000000000000000000000000000000000000000000000000000000000000000000000000000000000000000000000000000000000000000001000000000000000000000000
000000000101100001000000000000000000100000000000100000000000000000100001000000010000010000000000101000000001000001010100010000000000000000000000000000100000001100000000000000000000000000000000
000000000000000000000010000000000000000000000000000100000000000010000000000000000000000000000000000000000100000000000000000000000000000000000100000010000000000000000000000000000000000000000000
000000000000000000000000000000000110000000001000000000000000000000000000000000000000001000000000000000000000000000000000000000000000000000000000000000000000000000000000000000000000000000000000
000000000000000000000000000000000000000000000000000000001000000000000000100000000000000000000000000000000000000000100000000000000000000000000000000000000000000000000000000000000000000000000000
001000001000000000111001111000010000001001000100001010110100100000000000011001000101100100110010000010101010110000000000100101100000000000000001110000001100010001011100100000010110101010000010
000011000000010100000100000010000001000010100011000000000010001000010010000010001010000000001000000001010000000000000001001010000101110000000000000000000001100010100000000000101000000101000100
000000000101100000000000000000000000100000000000100000000000000000000000000000000000000000000000100000000000000000000000000000000000000000000000000000000000000000000000000000000000000000000000
000000000000000001000000000000000000000000000000000000000000000000100001000000010000010000000000001000000001000001010100010000000000000000000000000000100000001100000000000000000000000000000000
000000000000000000000010000000000000000000000000000000000000000000000000000000000000000000000000000000000000000000000000000000000000000000000000000010000000000000000000000000000000000000000000
000000000000000000000000000000000000000000000000000100000000000010000000000000000000000000000000000000000100000000000000000000000000000000000100000000000000000000000000000000000000000000000000
000000000000000000000000000000000100000000001000000000000000000000000000000000000000001000000000000000000000000000000000000000000000000000000000000000000000000000000000000000000000000000000000
000000000000000000000000000000000000000000000000000000000000000000000000100000000000000000000000000000000000000000100000000000000000000000000000000000000000000000000000000000000000000000000000
001000001000000000111001111000010000001001000100001010110100100000000000011001000101100100110010000010101010110000000000100101100000000000000001110000001100010001011100100000000110101010000010
000010000000010100000000000000000000000010000011000000000010001000000010000000000000000000000000000001000000000000000000001010000001100000000000000000000001100010100000000000001000000000000100
000001000000000000000100000010000001000000100000000000000000000000010000000010001010000000001000000000010000000000000001000000000100010000000000000000000000000000000000000000100000000101000000
000000000101000000000000000000000000100000000000100000000000000000000000000000000000000000000000100000000000000000000000000000000000000000000000000000000000000000000000000000000000000000000000
000000000000000001000000000000000000000000000000000000000000000000100001000000010000010000000000001000000001000001010100000000000000000000000000000000100000001100000000000000000000000000000000
000000000000000000000000000000000000000000000000000100000000000010000000000000000000000000000000000000000000000000000000000000000000000000000000000000000000000000000000000000000000000000000000
000000000000000000000000000000000000000000000000000000000000000000000000000000000000000000000000000000000100000000000000000000000000000000000100000000000000000000000000000000000000000000000000
000000000000000000000000000000000000000000001000000000000000000000000000000000000000001000000000000000000000000000000000000000000000000000000000000000000000000000000000000000000000000000000000
001000001000000000111001111000010000001001000100001010110100100000000000011001000101100100110010000010101010110000000000100101100000000000000001110000001100010001011000100000000110101010000010
000010000000010100000000000000000000000010000011000000000010001000000010000000000000000000000000000001000000000000000000001000000001100000000000000000000000100010100000000000001000000000000100
000000000000000000000000000000000000000000000000000000000000000000000000000000000000000000000000000000000000000000000000000010000000000000000000000000000001000000000000000000000000000000000000
000001000000000000000100000010000001000000100000000000000000000000010000000010001010000000001000000000010000000000000001000000000000000000000000000000000000000000000000000000100000000101000000
000000000000000000000000000000000000000000000000000000000000000000000000000000000000000000000000000000000000000000000000000000000100010000000000000000000000000000000000000000000000000000000000
000000000101000000000000000000000000000000000000100000000000000000000000000000000000000000000000000000000000000000000000000000000000000000000000000000000000000000000000000000000000000000000000
000000000000000000000000000000000000100000000000000000000000000000000000000000000000000000000000100000000000000000000000000000000000000000000000000000000000000000000000000000000000000000000000
000000000000000001000000000000000000000000000000000000000000000000100001000000010000010000000000001000000000000001010100000000000000000000000000000000100000001100000000000000000000000000000000
001000001000000000111001111000010000001001000100001010110100100000000000011001000101100100110010000010101010110000000000100100100000000000000001110000001100010001011000100000000110101010000010
000010000000000100000000000000000000000010000011000000000010001000000010000000000000000000000000000000000000000000000000001000000000100000000000000000000000100000000000000000001000000000000000
000000000000010000000000000000000000000000000000000000000000000000000000000000000000000000000000000001000000000000000000000000000001000000000000000000000000000010100000000000000000000000000100
000001000000000000000100000010000001000000100000000000000000000000010000000010001010000000001000000000010000000000000001000000000000000000000000000000000000000000000000000000100000000001000000
000000000001000000000000000000000000000000000000100000000000000000000000000000000000000000000000000000000000000000000000000000000000000000000000000000000000000000000000000000000000000000000000
000000000000000001000000000000000000000000000000000000000000000000100000000000010000010000000000000000000000000000010000000000000000000000000000000000100000001000000000000000000000000000000000
000000000000000000000000000000000000000000000000000000000000000000000001000000000000000000000000001000000000000001000100000000000000000000000000000000000000000100000000000000000000000000000000
001000001000000000110001111000010000001000000100001010110100100000000000011001000101100100110010000010101010110000000000100100100000000000000001010000001100010001011000100000000110101010000010
000000000000000000001000000000000000000001000000000000000000000000000000000000000000000000000000000000000000000000000000000000000000000000000000100000000000000000000000000000000000000000000000
000010000000000100000000000000000000000010000001000000000010001000000010000000000000000000000000000000000000000000000000000000000000100000000000000000000000000000000000000000001000000000000000
000000000000000000000000000000000000000000000010000000000000000000000000000000000000000000000000000000000000000000000000001000000000000000000000000000000000100000000000000000000000000000000000
000000000000010000000000000000000000000000000000000000000000000000000000000000000000000000000000000001000000000000000000000000000001000000000000000000000000000000100000000000000000000000000100
000001000000000000000100000010000001000000000000000000000000000000010000000010001010000000001000000000010000000000000001000000000000000000000000000000000000000000000000000000100000000001000000
000000000000000001000000000000000000000000000000000000000000000000000000000000010000010000000000000000000000000000010000000000000000000000000000000000100000001000000000000000000000000000000000
000000000000000000000000000000000000000000000000000000000000000000000001000000000000000000000000001000000000000000000100000000000000000000000000000000000000000100000000000000000000000000000000
001000001000000000110001111000010000001000000100001010110000100000000000011001000101100100110010000010101010110000000000100100100000000000000001010000001100010001011000100000000110101010000010
000000000000000000000000000000000000000001000000000000000000000000000000000000000000000000000000000000000000000000000000000000000000000000000000100000000000000000000000000000000000000000000000
000010000000000000000000000000000000000000000001000000000010001000000000000000000000000000000000000000000000000000000000000000000000100000000000000000000000000000000000000000000000000000000000
000000000000000100000000000000000000000010000000000000000000000000000010000000000000000000000000000000000000000000000000000000000000000000000000000000000000000000000000000000001000000000000000
000000000000000000000000000000000000000000000000000000000000000000000000000000000000000000000000000000000000000000000000001000000000000000000000000000000000100000000000000000000000000000000000
000000000000010000000000000000000000000000000000000000000000000000000000000000000000000000000000000001000000000000000000000000000000000000000000000000000000000000000000000000000000000000000000
000000000000000000000000000000000000000000000000000000000000000000000000000000000000000000000000000000000000000000000000000000000001000000000000000000000000000000100000000000000000000000000100
000001000000000000000100000010000001000000000000000000000000000000010000000000001010000000000000000000010000000000000001000000000000000000000000000000000000000000000000000000100000000001000000
000000000000000000000000000000000000000000000000000000000000000000000000000010000000000000001000000000000000000000000000000000000000000000000000000000000000000000000000000000000000000000000000
000000000000000001000000000000000000000000000000000000000000000000000000000000000000000000000000000000000000000000010000000000000000000000000000000000100000000000000000000000000000000000000000
000000000000000000000000000000000000000000000000000000000000000000000000000000010000010000000000000000000000000000000000000000000000000000000000000000000000001000000000000000000000000000000000
000000000000000000000000000000000000000000000000000000000000000000000001000000000000000000000000000000000000000000000000000000000000000000000000000000000000000100000000000000000000000000000000
000000000000000000000000000000000000000000000000000000000000000000000000000000000000000000000000001000000000000000000100000000000000000000000000000000000000000000000000000000000000000000000000
001000001000000000110001111000010000001000000100001010110000100000000000011001000101100100110010000010101010110000000000000100100000000000000001010000001100010001011000100000000110101010000010
000010000000000000000000000000000000000000000001000000000010000000000000000000000000000000000000000000000000000000000000000000000000100000000000000000000000000000000000000000000000000000000000
000000000000000100000000000000000000000000000000000000000000000000000010000000000000000000000000000000000000000000000000000000000000000000000000000000000000000000000000000000001000000000000000
000000000000000000000000000000000000000000000000000000000000000000000000000000000000000000000000000000000000000000000000000000000001000000000000000000000000000000000000000000000000000000000100
000001000000000000000000000000000001000000000000000000000000000000000000000000000000000000000000000000000000000000000000000000000000000000000000000000000000000000000000000000000000000000000000
000000000000000000000100000010000000000000000000000000000000000000010000000000001010000000000000000000010000000000000001000000000000000000000000000000000000000000000000000000100000000001000000
000000000000000001000000000000000000000000000000000000000000000000000000000000000000000000000000000000000000000000010000000000000000000000000000000000000000000000000000000000000000000000000000
000000000000000000000000000000000000000000000000000000000000000000000000000000010000010000000000000000000000000000000000000000000000000000000000000000000000000000000000000000000000000000000000
001000001000000000110001001000010000001000000100001010110000100000000000010001000101100100000010000010100010110000000000000100100000000000000001000000000100010001011000100000000010101010000010
000000000000000000000000110000000000000000000000000000000000000000000000001000000000000000110000000000001000000000000000000000000000000000000000010000001000000000000000000000000100000000000000
000010000000000000000000000000000000000000000001000000000000000000000000000000000000000000000000000000000000000000000000000000000000100000000000000000000000000000000000000000000000000000000000
000000000000000000000000000000000000000000000000000000000000000000000010000000000000000000000000000000000000000000000000000000000000000000000000000000000000000000000000000000001000000000000000
000000000000000000000100000000000000000000000000000000000000000000010000000000001010000000000000000000010000000000000001000000000000000000000000000000000000000000000000000000100000000001000000
001000001000000000110001001000010000001000000100001010110000100000000000010001000101100100000010000010000010110000000000000100100000000000000001000000000100010001011000100000000010101010000010
000000000000000000000000100000000000000000000000000000000000000000000000000000000000000000010000000000001000000000000000000000000000000000000000000000000000000000000000000000000000000000000000
000000000000000000000000010000000000000000000000000000000000000000000000001000000000000000100000000000000000000000000000000000000000000000000000010000001000000000000000000000000100000000000000
000000000000000000000000000000000000000000000001000000000000000000000000000000000000000000000000000000000000000000000000000000000000100000000000000000000000000000000000000000000000000000000000
000000000000000000000100000000000000000000000000000000000000000000010000000000000000000000000000000000000000000000000000000000000000000000000000000000000000000000000000000000000000000000000000
000000000000000000000000000000000000000000000000000000000000000000000000000000001010000000000000000000010000000000000001000000000000000000000000000000000000000000000000000000100000000001000000
001000001000000000110001001000010000001000000100001010110000000000000000010001000101100100000010000010000010110000000000000100100000000000000001000000000100010001011000100000000010101010000010
000000000000000000000000000000000000000000000000000000000000000000000000000000000000000000010000000000001000000000000000000000000000000000000000000000000000000000000000000000000000000000000000
000000000000000000000000000000000000000000000000000000000000000000000000001000000000000000100000000000000000000000000000000000000000000000000000010000001000000000000000000000000100000000000000
000000000000000000000000000000000000000000000000000000000000000000000000000000000010000000000000000000010000000000000001000000000000000000000000000000000000000000000000000000100000000001000000
001000001000000000110001001000010000001000000100001010110000000000000000010001000101100100000010000010000010110000000000000100100000000000000001000000000100010001010000100000000010101010000010
000000000000000000000000000000000000000000000000000000000000000000000000001000000000000000000000000000000000000000000000000000000000000000000000010000001000000000000000000000000100000000000000
000000000000000000000000000000000000000000000000000000000000000000000000000000000010000000000000000000010000000000000000000000000000000000000000000000000000000000000000000000000000000000000000
000000000000000000000000000000000000000000000000000000000000000000000000000000000000000000000000000000000000000000000001000000000000000000000000000000000000000000000000000000100000000001000000
001000001000000000000001001000010000001000000100001000110000000000000000010001000101100000000010000010000010110000000000000100100000000000000001000000000100010001010000000000000010101000000010
000000000000000000110000000000000000000000000000000010000000000000000000000000000000000100000000000000000000000000000000000000000000000000000000000000000000000000000000100000000000000010000000
000000000000000000000000000000000000000000000000000000000000000000000000000000000000000000000000000000000000000000000000000000000000000000000000010000001000000000000000000000000100000000000000
000000000000000000000000000000000000000000000000000000000000000000000000000000000000000000000000000000000000000000000001000000000000000000000000000000000000000000000000000000000000000001000000
001000001000000000000001001000010000001000000100001000110000000000000000010000000101100000000010000010000010110000000000000100100000000000000001000000000100010001010000000000000010101000000010
000000000000000000110000000000000000000000000000000010000000000000000000000000000000000000000000000000000000000000000000000000000000000000000000000000000000000000000000000000000000000010000000
000000000000000000000000000000000000000000000000000000000000000000000000000000000000000100000000000000000000000000000000000000000000000000000000000000000000000000000000100000000000000000000000
000000000000000000000000000000000000000000000000000000000000000000000000000000000000000000000000000000000000000000000000000000000000000000000000010000000000000000000000000000000100000000000000
001000001000000000000001001000010000001000000100001000110000000000000000010000000101100000000010000010000000110000000000000100100000000000000001000000000100010001010000000000000010101000000010
000000000000000000100000000000000000000000000000000010000000000000000000000000000000000000000000000000000000000000000000000000000000000000000000000000000000000000000000000000000000000010000000
001000001000000000000001001000010000001000000100001000110000000000000000010000000101100000000010000010000000010000000000000100100000000000000001000000000100010001010000000000000010101000000010
000000000000000000000000000000000000000000000000000010000000000000000000000000000000000000000000000000000000000000000000000000000000000000000000000000000000000000000000000000000000000010000000
001000001000000000000001001000010000001000000100001000110000000000000000010000000101000000000010000010000000010000000000000100100000000000000001000000000100010001010000000000000010101000000010
001000000000000000000000001000010000001000000100001000100000000000000000000000000100000000000000000010000000010000000000000000100000000000000001000000000100010000000000000000000010001000000000
000000001000000000000001000000000000000000000000000000010000000000000000010000000001000000000010000000000000000000000000000100000000000000000000000000000000000001010000000000000000100000000010
001000000000000000000000001000000000001000000100000000100000000000000000000000000100000000000000000010000000010000000000000000100000000000000001000000000100010000000000000000000010001000000000
000000000000000000000000000000010000000000000000001000000000000000000000000000000000000000000000000000000000000000000000000000000000000000000000000000000000000000000000000000000000000000000000
000000001000000000000001000000000000000000000000000000010000000000000000010000000000000000000010000000000000000000000000000100000000000000000000000000000000000001010000000000000000100000000010
001000000000000000000000001000000000001000000100000000100000000000000000000000000000000000000000000010000000010000000000000000100000000000000001000000000100010000000000000000000010001000000000
000000001000000000000001000000000000000000000000000000000000000000000000010000000000000000000010000000000000000000000000000100000000000000000000000000000000000001010000000000000000100000000010
001000000000000000000000000000000000001000000000000000100000000000000000000000000000000000000000000010000000010000000000000000100000000000000001000000000100010000000000000000000000000000000000
000000000000000000000000001000000000000000000100000000000000000000000000000000000000000000000000000000000000000000000000000000000000000000000000000000000000000000000000000000000010001000000000
000000001000000000000001000000000000000000000000000000000000000000000000010000000000000000000010000000000000000000000000000100000000000000000000000000000000000001000000000000000000100000000010
001000000000000000000000000000000000001000000000000000100000000000000000000000000000000000000000000010000000010000000000000000000000000000000001000000000100010000000000000000000000000000000000
000000000000000000000000001000000000000000000100000000000000000000000000000000000000000000000000000000000000000000000000000000000000000000000000000000000000000000000000000000000000000000000000
000000000000000000000000000000000000000000000000000000000000000000000000000000000000000000000000000000000000000000000000000000000000000000000000000000000000000000000000000000000010001000000000
000000001000000000000001000000000000000000000000000000000000000000000000000000000000000000000010000000000000000000000000000100000000000000000000000000000000000001000000000000000000000000000010
000000000000000000000000000000000000000000000000000000000000000000000000010000000000000000000000000000000000000000000000000000000000000000000000000000000000000000000000000000000000100000000000
001000000000000000000000000000000000000000000000000000000000000000000000000000000000000000000000000000000000000000000000000000000000000000000000000000000100000000000000000000000000000000000000
000000000000000000000000000000000000001000000000000000100000000000000000000000000000000000000000000010000000010000000000000000000000000000000001000000000000010000000000000000000000000000000000
000000001000000000000000000000000000000000000000000000000000000000000000000000000000000000000010000000000000000000000000000100000000000000000000000000000000000001000000000000000000000000000010
000000000000000000000000000000000000001000000000000000000000000000000000000000000000000000000000000010000000010000000000000000000000000000000001000000000000010000000000000000000000000000000000
000000001000000000000000000000000000000000000000000000000000000000000000000000000000000000000000000000000000000000000000000100000000000000000000000000000000000001000000000000000000000000000010
000000000000000000000000000000000000000000000000000000000000000000000000000000000000000000000000000010000000010000000000000000000000000000000001000000000000010000000000000000000000000000000000
000000001000000000000000000000000000000000000000000000000000000000000000000000000000000000000000000000000000000000000000000000000000000000000000000000000000000001000000000000000000000000000000
000000000000000000000000000000000000000000000000000000000000000000000000000000000000000000000000000000000000000000000000000100000000000000000000000000000000000000000000000000000000000000000010
000000000000000000000000000000000000000000000000000000000000000000000000000000000000000000000000000000000000010000000000000000000000000000000001000000000000010000000000000000000000000000000000
000000000000000000000000000000000000000000000000000000000000000000000000000000000000000000000000000000000000010000000000000000000000000000000001000000000000000000000000000000000000000000000000
